$p_{T}$ [GeV/c]
10
p, d+Au minbias
p, p+p NSD
p, d+Au 0-20$\%$
p, d+Au 20-40$\%$
p, d+Au 40-100$\%$
$\bar{p}$, d+Au minbias
$\bar{p}$, p+p NSD
$\bar{p}$, d+Au 0-20$\%$
$\bar{p}$, d+Au 20-40$\%$
$\bar{p}$, d+Au 40-100$\%$
1/$N_{event}$$d^{2}$N/(2$\pi$$p_{T}$$dp_{T}$dy)$(GeV/c)^{-2}$ 
1/$N_{event}$$d^{2}$N/(2$\pi$$p_{T}$$dp_{T}$dy)$(GeV/c)^{-2}$
1/$N_{event}$$d^{2}$N/(2$\pi$$p_{T}$$dp_{T}$dy)$(GeV/c)^{-2}$ 
1/$N_{event}$$d^{2}$N/(2$\pi$$p_{T}$$dp_{T}$dy)$(GeV/c)^{-2}$ 
1/$N_{event}$$d^{2}$N/(2$\pi$$p_{T}$$dp_{T}$dy)$(GeV/c)^{-2}$
1/$N_{event}$$d^{2}$N/(2$\pi$$p_{T}$$dp_{T}$dy)$(GeV/c)^{-2}$ 
1/$N_{event}$$d^{2}$N/(2$\pi$$p_{T}$$dp_{T}$dy)$(GeV/c)^{-2}$ 
1/$N_{event}$$d^{2}$N/(2$\pi$$p_{T}$$dp_{T}$dy)$(GeV/c)^{-2}$ 
1/$N_{event}$$d^{2}$N/(2$\pi$$p_{T}$$dp_{T}$dy)$(GeV/c)^{-2}$ 
1/$N_{event}$$d^{2}$N/(2$\pi$$p_{T}$$dp_{T}$dy)$(GeV/c)^{-2}$ 
no
none
none
2
stat
symmetric
syst
symmetric
4.68e-01	1.88e-01	1.87e-02	2.44e-02
5.63e-01	1.35e-01	1.11e-02	1.75e-02
6.61e-01	1.07e-01	8.89e-03	1.39e-02
7.59e-01	8.02e-02	6.78e-03	1.04e-02
8.58e-01	5.82e-02	5.20e-03	7.57e-03
9.57e-01	4.45e-02	4.85e-03	5.78e-03
1.06e+00	3.63e-02	4.11e-03	2.90e-03
1.16e+00	2.82e-02	2.11e-03	2.26e-03
1.31e+00	1.86e-02	1.14e-03	1.49e-03
1.50e+00	1.02e-02	7.85e-04	8.14e-04
1.70e+00	5.64e-03	3.24e-04	4.51e-04
1.90e+00	3.14e-03	2.33e-04	2.51e-04
2.25e+00	1.39e-03	9.47e-05	1.12e-04
2.75e+00	2.75e-04	3.88e-05	2.20e-05
3.50e+00	8.13e-05	1.37e-05	6.50e-06
***
4.68e-01	4.51e-02	5.24e-03	5.86e-03
5.63e-01	3.33e-02	3.29e-03	4.33e-03
6.61e-01	2.60e-02	2.57e-03	3.38e-03
7.59e-01	2.03e-02	2.12e-03	2.64e-03
8.58e-01	1.14e-02	1.30e-03	1.49e-03
9.57e-01	8.93e-03	1.20e-03	1.16e-03
1.06e+00	6.98e-03	1.00e-03	5.59e-04
1.16e+00	4.68e-03	5.95e-04	3.75e-04
1.31e+00	2.90e-03	3.14e-04	2.32e-04
1.50e+00	1.34e-03	2.04e-04	1.07e-04
1.70e+00	6.61e-04	6.44e-05	5.29e-05
1.90e+00	4.73e-04	5.58e-05	3.78e-05
2.25e+00	1.84e-04	2.23e-05	1.47e-05
2.75e+00	3.06e-05	7.26e-06	2.45e-06
3.50e+00	'-'		'-'		'-'
***
4.68e-01	3.96e-01	4.51e-02	5.15e-02
5.63e-01	2.80e-01	2.67e-02	3.64e-02
6.61e-01	2.10e-01	2.01e-02	2.73e-02
7.59e-01	1.74e-01	1.67e-02	2.27e-02
8.58e-01	1.25e-01	1.27e-02	1.63e-02
9.57e-01	1.05e-01	1.25e-02	1.37e-02
1.06e+00	8.16e-02	1.02e-02	6.53e-03
1.16e+00	5.08e-02	5.11e-03	4.06e-03
1.31e+00	4.14e-02	3.21e-03	3.31e-03
1.50e+00	2.46e-02	2.34e-03	1.97e-03
1.70e+00	1.21e-02	1.03e-03	9.66e-04
1.90e+00	8.08e-03	8.38e-04	6.46e-04
2.25e+00	3.37e-03	3.21e-04	2.70e-04
2.75e+00	6.19e-04	1.26e-04	4.95e-05
3.50e+00	'-'		'-'		'-'
***
4.68e-01	2.78e-01	3.24e-02	3.61e-02
5.63e-01	1.90e-01	1.84e-02	2.48e-02
6.61e-01	1.56e-01	1.49e-02	2.03e-02
7.59e-01	1.18e-01	1.14e-02	1.53e-02
8.58e-01	8.54e-02	8.68e-03	1.11e-02
9.57e-01	6.45e-02	7.77e-03	8.38e-03
1.06e+00	5.48e-02	6.88e-03	4.38e-03
1.16e+00	4.21e-02	3.97e-03	3.37e-03
1.31e+00	2.68e-02	2.09e-03	2.15e-03
1.50e+00	1.41e-02	1.38e-03	1.13e-03
1.70e+00	7.69e-03	7.02e-04	6.15e-04
1.90e+00	4.12e-03	5.31e-04	3.30e-04
2.25e+00	2.30e-03	2.28e-04	1.84e-04
2.75e+00	4.36e-04	1.13e-04	3.49e-05
3.50e+00	'-'		'-'		'-'
***
4.68e-01	1.21e-01	1.40e-02	1.57e-02
5.63e-01	7.84e-02	7.61e-03	1.02e-02
6.61e-01	6.18e-02	5.96e-03	8.03e-03
7.59e-01	4.84e-02	4.71e-03	6.29e-03
8.58e-01	2.98e-02	3.12e-03	3.87e-03
9.57e-01	2.39e-02	2.93e-03	3.11e-03
1.06e+00	2.12e-02	2.69e-03	1.69e-03
1.16e+00	1.52e-02	1.49e-03	1.22e-03
1.31e+00	9.80e-03	7.91e-04	7.84e-04
1.50e+00	5.05e-03	5.17e-04	4.04e-04
1.70e+00	2.54e-03	2.55e-04	2.03e-04
1.90e+00	1.43e-03	2.03e-04	1.15e-04
2.25e+00	6.31e-04	7.57e-05	5.05e-05
2.75e+00	1.62e-04	4.14e-05	1.29e-05
3.50e+00	'-'		'-'		'-'
***
4.68e-01	1.22e-01	7.62e-03	1.59e-02
5.63e-01	1.08e-01	5.87e-03	1.40e-02
6.61e-01	8.86e-02	4.69e-03	1.15e-02
7.59e-01	6.40e-02	3.47e-03	8.32e-03
8.58e-01	5.51e-02	3.04e-03	7.16e-03
9.57e-01	3.80e-02	2.30e-03	4.94e-03
1.06e+00	3.27e-02	1.41e-03	2.62e-03
1.16e+00	2.36e-02	1.12e-03	1.89e-03
1.31e+00	1.55e-02	6.16e-04	1.24e-03
1.50e+00	8.00e-03	4.04e-04	6.40e-04
1.70e+00	4.78e-03	2.97e-04	3.82e-04
1.90e+00	2.56e-03	2.04e-04	2.05e-04
2.25e+00	1.06e-03	7.97e-05	8.49e-05
2.75e+00	3.32e-04	4.61e-05	2.66e-05
3.50e+00	7.89e-05	1.53e-05	6.31e-06
***
4.68e-01	3.74e-02	2.60e-03	4.86e-03
5.63e-01	2.84e-02	1.77e-03	3.70e-03
6.61e-01	2.27e-02	1.38e-03	2.96e-03
7.59e-01	1.32e-02	8.65e-04	1.71e-03
8.58e-01	1.05e-02	7.20e-04	1.37e-03
9.57e-01	7.17e-03	5.40e-04	9.32e-04
1.06e+00	5.60e-03	3.77e-04	4.48e-04
1.16e+00	3.74e-03	2.86e-04	2.99e-04
1.31e+00	2.31e-03	1.49e-04	1.84e-04
1.50e+00	9.69e-04	8.84e-05	7.75e-05
1.70e+00	5.95e-04	6.65e-05	4.76e-05
1.90e+00	3.57e-04	4.79e-05	2.86e-05
2.25e+00	1.12e-04	1.90e-05	8.93e-06
2.75e+00	3.87e-05	1.07e-05	3.10e-06
3.50e+00	'-'		'-'		'-'
***
4.68e-01	2.57e-01	2.17e-02	3.34e-02
5.63e-01	2.26e-01	1.62e-02	2.94e-02
6.61e-01	1.73e-01	1.23e-02	2.25e-02
7.59e-01	1.39e-01	9.76e-03	1.81e-02
8.58e-01	1.19e-01	8.58e-03	1.54e-02
9.57e-01	8.99e-02	6.92e-03	1.17e-02
1.06e+00	7.36e-02	5.01e-03	5.89e-03
1.16e+00	4.24e-02	3.50e-03	3.39e-03
1.31e+00	3.48e-02	2.14e-03	2.78e-03
1.50e+00	1.93e-02	1.46e-03	1.54e-03
1.70e+00	1.01e-02	9.74e-04	8.11e-04
1.90e+00	4.99e-03	6.54e-04	3.99e-04
2.25e+00	2.69e-03	2.85e-04	2.15e-04
2.75e+00	5.86e-04	1.35e-04	4.69e-05
3.50e+00	'-'		'-'		'-'
***
4.68e-01	1.63e-01	1.45e-02	2.12e-02
5.63e-01	1.65e-01	1.20e-02	2.14e-02
6.61e-01	1.24e-01	8.94e-03	1.62e-02
7.59e-01	9.35e-02	6.78e-03	1.22e-02
8.58e-01	7.98e-02	5.96e-03	1.04e-02
9.57e-01	5.22e-02	4.33e-03	6.78e-03
1.06e+00	4.14e-02	3.20e-03	3.31e-03
1.16e+00	3.61e-02	2.82e-03	2.89e-03
1.31e+00	2.32e-02	1.50e-03	1.85e-03
1.50e+00	1.13e-02	9.51e-04	9.04e-04
1.70e+00	6.41e-03	6.63e-04	5.13e-04
1.90e+00	4.64e-03	5.37e-04	3.71e-04
2.25e+00	1.46e-03	1.78e-04	1.17e-04
2.75e+00	4.43e-04	1.38e-04	3.54e-05
3.50e+00	'-'		'-'		'-'
***
4.68e-01	7.50e-02	6.44e-03	9.75e-03
5.63e-01	6.04e-02	4.55e-03	7.85e-03
6.61e-01	5.51e-02	3.89e-03	7.16e-03
7.59e-01	3.61e-02	2.68e-03	4.69e-03
8.58e-01	2.85e-02	2.22e-03	3.70e-03
9.57e-01	1.95e-02	1.68e-03	2.54e-03
1.06e+00	1.82e-02	1.37e-03	1.45e-03
1.16e+00	1.22e-02	1.04e-03	9.73e-04
1.31e+00	7.64e-03	5.47e-04	6.11e-04
1.50e+00	3.51e-03	3.35e-04	2.81e-04
1.70e+00	2.21e-03	2.48e-04	1.77e-04
1.90e+00	9.80e-04	1.70e-04	7.84e-05
2.25e+00	5.66e-04	7.10e-05	4.53e-05
2.75e+00	1.29e-04	4.62e-05	1.03e-05
3.50e+00	'-'		'-'		'-'
***
 
