$p_{T}$[GeV/c]
6
$R_{dAu MinBias/pp}$ ($\pi^{+}$ + $\pi^{-}$)
R(dAu 0-20$\%$/pp) ($\pi^{+}$ + $\pi^{-}$)
$R_{dAu MinBias/pp}$ ($K^{+}$ + $K^{-}$)
R(dAu 0-20$\%$/pp) ($K^{+}$ + $K^{-}$)
$R_{dAu MinBias/pp}$ (p + $\bar{p}$)
R(dAu 0-20$\%$/pp) (p + $\bar{p}$)
$R_{dAu MinBias/pp}$ 
R(dAu 0-20$\%$/pp) 
$R_{dAu MinBias/pp}$ 
R(dAu 0-20$\%$/pp) 
$R_{dAu MinBias/pp}$ 
R(dAu 0-20$\%$/pp)
no
none
none
1
stat
symmetric
3.50e-01	5.70e-01	6.89e-03	
4.50e-01	5.90e-01	8.32e-03	
5.50e-01	6.12e-01	1.02e-02	
6.50e-01	6.37e-01	1.30e-02
7.50e-01	7.05e-01	1.66e-02	
8.50e-01	7.41e-01	2.07e-02	
9.50e-01	7.82e-01	2.65e-02	
1.05e+00	8.67e-01	3.39e-02
1.15e+00	9.07e-01	4.21e-02	
1.30e+00	9.71e-01	4.12e-02	
1.50e+00	1.05e+00	6.23e-02	
1.70e+00	1.10e+00	9.81e-02
1.90e+00	1.07e+00	1.40e-01	
2.25e+00	1.36e+00	1.73e-01	
2.75e+00	1.05e+00	2.24e-01
***
3.50e-01	6.05e-01	8.19e-03
4.50e-01	6.33e-01	9.99e-03
5.50e-01	6.80e-01	1.26e-02
6.50e-01	7.13e-01	1.60e-02
7.50e-01	8.06e-01	2.09e-02
8.50e-01	8.59e-01	2.64e-02
9.50e-01	8.85e-01	3.28e-02
1.05e+00	1.02e+00	4.32e-02
1.15e+00	1.01e+00	5.13e-02
1.30e+00	1.12e+00	5.13e-02
1.50e+00	1.21e+00	7.82e-02
1.70e+00	1.28e+00	1.21e-01
1.90e+00	1.30e+00	1.87e-01
2.25e+00	1.53e+00	2.11e-01
2.75e+00	1.14e+00	2.52e-01
***
3.50e-01	'-'	'-'	
4.50e-01	6.67e-01	2.92e-02	
5.50e-01	7.35e-01	3.31e-02	
6.50e-01	7.77e-01	3.50e-02	
7.50e-01	7.99e-01	3.14e-02	
8.50e-01	8.41e-01	3.71e-02	
9.50e-01	8.81e-01	4.35e-02	
1.05e+00	8.38e-01	4.79e-02	
1.15e+00	8.47e-01	5.54e-02	
1.30e+00	8.87e-01	5.35e-02	
1.50e+00	9.77e-01	6.79e-02
1.70e+00	'-'		'-'
1.90e+00	'-'		'-'
2.25e+00	'-'		'-'
2.75e+00	'-'		'-'
***
3.50e-01	'-'	'-'
4.50e-01	6.81e-01	3.58e-02
5.50e-01	7.64e-01	4.02e-02
6.50e-01	8.17e-01	4.32e-02
7.50e-01	8.38e-01	4.11e-02
8.50e-01	9.01e-01	4.91e-02
9.50e-01	8.83e-01	5.41e-02
1.05e+00	9.45e-01	6.48e-02
1.15e+00	8.75e-01	6.90e-02
1.30e+00	1.00e+00	6.93e-02
1.50e+00	1.04e+00	8.96e-02
1.70e+00	'-'		'-'
1.90e+00	'-'		'-'
2.25e+00	'-'		'-'
2.75e+00	'-'		'-'
***
3.50e-01	'-'	'-'
4.50e-01	6.59e-01	6.34e-02	
5.50e-01	6.95e-01	5.53e-02	
6.50e-01	7.14e-01	5.63e-02	
7.50e-01	7.73e-01	6.69e-02	
8.50e-01	9.34e-01	8.06e-02	
9.50e-01	9.30e-01	9.74e-02	
1.05e+00	1.00e+00	1.06e-01 
1.15e+00	1.13e+00	1.03e-01	
1.30e+00	1.22e+00	9.42e-02
1.50e+00	1.47e+00	1.59e-01	
1.70e+00	1.55e+00	1.31e-01	
1.90e+00	1.28e+00	1.33e-01	
2.25e+00	1.55e+00	1.72e-01
2.75e+00	1.63e+00	3.46e-01
***
3.50e-01	'-'	'-'
4.50e-01	6.79e-01	7.12e-02
5.50e-01	7.44e-01	6.44e-02
6.50e-01	7.11e-01	6.11e-02
7.50e-01	8.23e-01	7.57e-02
8.50e-01	9.83e-01	9.07e-02
9.50e-01	1.04e+00	1.13e-01
1.05e+00	1.07e+00	1.19e-01
1.15e+00	1.11e+00	1.13e-01
1.30e+00	1.41e+00	1.17e-01
1.50e+00	1.84e+00	2.10e-01
1.70e+00	1.65e+00	1.60e-01
1.90e+00	1.47e+00	1.76e-01
2.25e+00	1.91e+00	2.33e-01
2.75e+00	1.62e+00	3.93e-01
***
