HepMC::Version 2.06.11
HepMC::IO_GenEvent-START_EVENT_LISTING
E 3 -1 -1.0000000000000000e+00 -1.0000000000000000e+00 -1.0000000000000000e+00 0 0 1 0 0 0 0
U GEV MM
H 1 1 1 1 0 0 0 0 0 1.6698925018310547e+01 5.4700055122375488e+00 1.0000000000000000e+00 4.2000000000000000e+01
V -1 0 0 0 0 0 2 10 0
P 10001 3000197 0 0 1.0000000000000000e+02 1.0000000000000000e+02 0 101 0 0 -1 0
P 10002 3000197 0 0 -1.0000000000000000e+02 1.0000000000000000e+02 0 102 0 0 -1 0
P 10003 2212 6.7158746719360352e-01 3.5213038325309753e-02 9.9746658325195312e+01 9.9753341674804688e+01 9.3864719831828525e-01 1 0 0 0 0
P 10004 111 -1.8910862505435944e-01 -5.7505730539560318e-02 -2.6493053883314133e-02 2.4082379043102264e-01 1.3500087043668313e-01 1 0 0 0 0
P 10005 211 -9.3845754861831665e-02 -1.4272923767566681e-01 -3.6247307062149048e-01 4.2432713508605957e-01 1.3959989130191697e-01 1 0 0 0 0
P 10006 211 -4.4460621476173401e-01 8.9151538908481598e-02 -2.1699128150939941e+00 2.2211782932281494e+00 1.3960194162068254e-01 1 0 0 0 0
P 10007 -211 -1.2497081607580185e-01 9.4281405210494995e-02 -1.9074012339115143e-01 2.8350779414176941e-01 1.3960009465878875e-01 1 0 0 0 0
P 10008 111 1.6750045120716095e-02 7.1736812591552734e-02 -4.9766054749488831e-01 5.2088177204132080e-01 1.3500024303553282e-01 1 0 0 0 0
P 10009 -211 2.3380005359649658e-01 -3.1765073537826538e-01 -4.8958306312561035e+00 4.9136757850646973e+00 1.3959833823349946e-01 1 0 0 0 0
P 10010 111 1.3206304609775543e-01 3.3242660760879517e-01 -2.5201563835144043e+00 2.5489921569824219e+00 1.3499896813897833e-01 1 0 0 0 0
P 10011 2112 1.8734931945800781e-02 1.8607314676046371e-02 -5.0029327392578125e+01 5.0038158416748047e+01 9.3968141195365507e-01 1 0 0 0 0
P 10012 111 -2.2040401399135590e-01 -1.2353094667196274e-01 -3.9053871154785156e+01 3.9054920196533203e+01 1.3454203375813401e-01 1 0 0 0 0
E 24 -1 -1.0000000000000000e+00 -1.0000000000000000e+00 -1.0000000000000000e+00 0 0 1 0 0 0 0
U GEV MM
H 1 1 1 1 0 0 0 0 0 1.5992173194885254e+01 4.4162254333496094e+00 9.9568080902099609e-01 4.2000000000000000e+01
V -1 0 0 0 0 0 2 28 0
P 10001 3000197 0 0 1.0000000000000000e+02 1.0000000000000000e+02 0 101 0 0 -1 0
P 10002 3000197 0 0 -1.0000000000000000e+02 1.0000000000000000e+02 0 102 0 0 -1 0
P 10003 2212 3.7443214654922485e-01 6.6262030601501465e-01 5.4951999664306641e+01 5.4965278625488281e+01 9.3825485305900480e-01 1 0 0 0 0
P 10004 111 -5.0146263837814331e-01 1.6043159365653992e-01 1.2517856597900391e+01 1.2529650688171387e+01 1.3494253615153187e-01 1 0 0 0 0
P 10005 -211 1.0897402465343475e-01 -4.9394077062606812e-01 1.4615181684494019e+00 1.5528602600097656e+00 1.3959515562533503e-01 1 0 0 0 0
P 10006 111 -2.7265420183539391e-02 6.2913018465042114e-01 -3.8409346342086792e-01 7.4986636638641357e-01 1.3499476441280031e-01 1 0 0 0 0
P 10007 310 4.6661040186882019e-01 5.2484154701232910e-02 7.9107131958007812e+00 7.9402499198913574e+00 4.9770038224941560e-01 1 0 0 0 0
P 10008 130 7.6175592839717865e-02 2.0524558424949646e-01 2.9729384183883667e-01 6.1969137191772461e-01 4.9770000726901426e-01 1 0 0 0 0
P 10009 211 -3.4118285775184631e-01 -5.2458620071411133e-01 1.8368830680847168e+00 1.9455648660659790e+00 1.3959519279196544e-01 1 0 0 0 0
P 10010 111 1.8965443968772888e-01 -5.3356587886810303e-01 2.4335333704948425e-01 6.3095724582672119e-01 1.3499942897125161e-01 1 0 0 0 0
P 10011 -211 8.6318090558052063e-02 -2.1000200510025024e-01 7.4988943338394165e-01 7.9584789276123047e-01 1.3959961034289575e-01 1 0 0 0 0
P 10012 211 1.1199794709682465e-01 -2.1904632449150085e-01 -7.0677733421325684e-01 7.6127815246582031e-01 1.3959008860601810e-01 1 0 0 0 0
P 10013 130 -2.0154640078544617e-01 -8.5006751120090485e-02 3.1289047002792358e-01 6.2725812196731567e-01 4.9769991554561088e-01 1 0 0 0 0
P 10014 310 -6.6574022173881531e-02 2.3892532289028168e-01 -6.8822157382965088e-01 8.8479739427566528e-01 4.9769476979953453e-01 1 0 0 0 0
P 10015 111 1.7103359103202820e-01 -1.0972333699464798e-01 6.5751600265502930e+00 6.5796809196472168e+00 1.3483296956694407e-01 1 0 0 0 0
P 10016 2112 6.2994882464408875e-02 7.9535239934921265e-01 -3.5728011131286621e+00 3.7794589996337891e+00 9.3960030947854667e-01 1 0 0 0 0
P 10017 -2112 2.6423588395118713e-01 -3.9625021815299988e-01 -1.1131096839904785e+01 1.1180831909179688e+01 9.3960123682263785e-01 1 0 0 0 0
P 10018 111 -1.5225313603878021e-01 1.2754221260547638e-01 -3.3708801269531250e+00 3.3794238567352295e+00 1.3499903612157155e-01 1 0 0 0 0
P 10019 -211 4.3575793504714966e-02 4.3853065371513367e-01 4.5099482536315918e+00 4.5335779190063477e+00 1.3959768350475890e-01 1 0 0 0 0
P 10020 211 -4.8727107048034668e-01 -2.1890588104724884e-01 1.8381946086883545e+00 1.9193229675292969e+00 1.3960069265730266e-01 1 0 0 0 0
P 10021 211 3.0372244119644165e-01 2.5702294707298279e-01 2.1569738388061523e+00 2.1978013515472412e+00 1.3959413655423927e-01 1 0 0 0 0
P 10022 -211 -1.9707220792770386e-01 1.4763173460960388e-01 2.8527936935424805e+00 2.8668017387390137e+00 1.3959859282938444e-01 1 0 0 0 0
P 10023 -211 -1.5295973420143127e-01 -6.5722107887268066e-01 -3.9615362882614136e-01 7.9483473300933838e-01 1.3960060302292110e-01 1 0 0 0 0
P 10024 111 1.5643644332885742e-01 -4.0533348917961121e-02 6.7381605505943298e-02 2.2108963131904602e-01 1.3500011533456233e-01 1 0 0 0 0
P 10025 211 -2.5216528773307800e-01 -7.2779595851898193e-02 -4.5530477166175842e-01 5.4376000165939331e-01 1.3960051001620941e-01 1 0 0 0 0
P 10026 111 1.6122473776340485e-01 -5.0445102155208588e-02 1.3557912409305573e-01 2.5523495674133301e-01 1.3500022168345444e-01 1 0 0 0 0
P 10027 -211 4.7187075018882751e-02 1.4735095202922821e-01 -4.3867707252502441e+00 4.3917179107666016e+00 1.3960619156345411e-01 1 0 0 0 0
P 10028 111 -4.8811042308807373e-01 -2.0279376208782196e-01 -6.8468322753906250e+00 6.8685307502746582e+00 1.3500135210005770e-01 1 0 0 0 0
P 10029 2212 -3.5970360040664673e-03 -1.1419683694839478e-01 -4.6113018035888672e+01 4.6122707366943359e+01 9.3842880511000737e-01 1 0 0 0 0
P 10030 111 2.4690760672092438e-01 6.6734448075294495e-02 -2.0363174438476562e+01 2.0365228652954102e+01 1.3508524146223153e-01 1 0 0 0 0
E 23 -1 -1.0000000000000000e+00 -1.0000000000000000e+00 -1.0000000000000000e+00 0 0 1 0 0 0 0
U GEV MM
H 1 1 1 1 0 0 0 0 0 1.6333015441894531e+01 3.9677488803863525e+00 7.9301685094833374e-01 4.2000000000000000e+01
V -1 0 0 0 0 0 2 32 0
P 10001 3000197 0 0 1.0000000000000000e+02 1.0000000000000000e+02 0 101 0 0 -1 0
P 10002 3000197 0 0 -1.0000000000000000e+02 1.0000000000000000e+02 0 102 0 0 -1 0
P 10003 2112 -1.0667604207992554e-01 -1.0787080228328705e-01 3.2169197082519531e+01 3.2183273315429688e+01 9.3958739547020675e-01 1 0 0 0 0
P 10004 111 4.1144517064094543e-01 -1.9590286910533905e-01 5.4571275711059570e+00 5.4777855873107910e+00 1.3501314994312430e-01 1 0 0 0 0
P 10005 -211 2.4897828698158264e-03 -2.3860509693622589e-01 6.7950135469436646e-01 7.3358625173568726e-01 1.3959980802798899e-01 1 0 0 0 0
P 10006 211 -1.2317363917827606e-01 3.1436073780059814e-01 5.0604667663574219e+00 5.0736384391784668e+00 1.3960193137062543e-01 1 0 0 0 0
P 10007 -211 1.1663674563169479e-01 -2.6115655899047852e-02 1.8221281051635742e+01 1.8222206115722656e+01 1.3937863274500856e-01 1 0 0 0 0
P 10008 211 2.6908537745475769e-01 -2.8891631960868835e-01 7.3338866233825684e+00 7.3458318710327148e+00 1.3954674039198711e-01 1 0 0 0 0
P 10009 111 -3.6163571476936340e-01 -1.5019731223583221e-01 4.6569452285766602e+00 4.6753287315368652e+00 1.3498245505092377e-01 1 0 0 0 0
P 10010 -211 -1.5845055878162384e-01 8.6857542395591736e-02 1.5146809816360474e+00 1.5317956209182739e+00 1.3960134628738169e-01 1 0 0 0 0
P 10011 211 -7.8638404607772827e-02 1.6394108533859253e-02 1.6362528800964355e+00 1.6441607475280762e+00 1.3960053944855016e-01 1 0 0 0 0
P 10012 111 2.3302046954631805e-01 5.3384608030319214e-01 3.0568983554840088e+00 3.1148266792297363e+00 1.3500929300548453e-01 1 0 0 0 0
P 10013 -321 1.9773915410041809e-01 -2.6497498154640198e-01 1.2065374851226807e+00 1.3448740243911743e+00 4.9359996410664891e-01 1 0 0 0 0
P 10014 211 -1.9055928289890289e-01 1.3517227768898010e-01 1.9017690420150757e-01 3.3202376961708069e-01 1.3959994177826879e-01 1 0 0 0 0
P 10015 130 2.7553555369377136e-01 1.2607364356517792e-01 -2.7010530233383179e-02 5.8330941200256348e-01 4.9770060923828008e-01 1 0 0 0 0
P 10016 211 1.5126526355743408e-02 1.3671825826168060e-01 -2.2279951572418213e+00 2.2366046905517578e+00 1.3970478575703116e-01 1 0 0 0 0
P 10017 111 -2.0232284069061279e-01 -9.1888889670372009e-02 -4.2795085906982422e-01 5.0074744224548340e-01 1.3501097446807908e-01 1 0 0 0 0
P 10018 111 4.5649242401123047e-01 -1.7376016080379486e-01 3.7922539710998535e+00 3.8259601593017578e+00 1.3491861465162597e-01 1 0 0 0 0
P 10019 211 -1.6132021322846413e-02 3.6759808659553528e-01 8.8592535257339478e-01 9.6940189599990845e-01 1.3959838915712489e-01 1 0 0 0 0
P 10020 -211 -2.7677822113037109e-01 -2.0853939652442932e-01 -4.4057601690292358e-01 5.7765930891036987e-01 1.3960009636778606e-01 1 0 0 0 0
P 10021 211 7.4534639716148376e-02 3.6463749408721924e-01 -1.1388235092163086e+00 1.2062019109725952e+00 1.3959996518040368e-01 1 0 0 0 0
P 10022 2112 -4.0649729967117310e-01 -1.5329228341579437e-01 -1.1874539375305176e+01 1.1919575691223145e+01 9.3960667533276176e-01 1 0 0 0 0
P 10023 -2112 3.1834489107131958e-01 -3.7920303642749786e-02 -4.3997711181640625e+01 4.4008911132812500e+01 9.3962144165828354e-01 1 0 0 0 0
P 10024 2112 -2.2607530653476715e-01 -1.2298471294343472e-02 -3.4546260833740234e+01 3.4559776306152344e+01 9.3954214479891529e-01 1 0 0 0 0
P 10025 -211 -1.6921596229076385e-01 9.3254521489143372e-02 4.5128005743026733e-01 5.1036453247070312e-01 1.3959877541588853e-01 1 0 0 0 0
P 10026 111 -6.3359493017196655e-01 -4.8625189810991287e-02 5.0911421775817871e+00 5.1324214935302734e+00 1.3496210681345824e-01 1 0 0 0 0
P 10027 211 2.6479366421699524e-01 2.4475425481796265e-01 4.2918556928634644e-01 5.7767474651336670e-01 1.3959774358734520e-01 1 0 0 0 0
P 10028 111 -2.1082511544227600e-01 1.5801119804382324e-01 1.7053118944168091e+00 1.7308162450790405e+00 1.3498684743918477e-01 1 0 0 0 0
P 10029 -211 -4.9062464386224747e-02 -5.3411197662353516e-01 2.0305671691894531e+00 2.1048455238342285e+00 1.3960272787653236e-01 1 0 0 0 0
P 10030 111 1.2460033595561981e-01 1.4658197760581970e-01 2.9138691425323486e+00 2.9233322143554688e+00 1.3500494734326074e-01 1 0 0 0 0
P 10031 -211 -2.6655870676040649e-01 -7.4407085776329041e-02 3.6151058971881866e-02 3.1206589937210083e-01 1.3960038654181195e-01 1 0 0 0 0
P 10032 211 5.0644826889038086e-01 7.7379420399665833e-03 1.6854426264762878e-01 5.5176556110382080e-01 1.3960064877966699e-01 1 0 0 0 0
P 10033 22 -2.8484493494033813e-01 -5.3782656788825989e-02 -1.1233338117599487e+00 1.1601327657699585e+00 -1.7193752545638212e-04 1 0 0 0 0
P 10034 111 4.9474841356277466e-01 -7.0788681507110596e-02 -2.8829920291900635e+00 2.9291048049926758e+00 1.3499958557471187e-01 1 0 0 0 0
E 16 -1 -1.0000000000000000e+00 -1.0000000000000000e+00 -1.0000000000000000e+00 0 0 1 0 0 0 0
U GEV MM
H 1 1 2 2 0 0 0 1 0 1.4941652297973633e+01 1.2447018623352051e+00 5.0274437665939331e-01 4.2000000000000000e+01
V -1 0 0 0 0 0 2 33 0
P 10001 3000197 0 0 1.0000000000000000e+02 1.0000000000000000e+02 0 101 0 0 -1 0
P 10002 3000197 0 0 -1.0000000000000000e+02 1.0000000000000000e+02 0 102 0 0 -1 0
P 10003 2212 1.0444743186235428e-01 -9.6481703221797943e-02 9.9995483398437500e+01 1.0000000000000000e+02 9.3972438923965196e-01 1 0 0 0 0
P 10004 -211 -3.2297322154045105e-01 -9.7842305898666382e-02 5.2422702312469482e-01 6.3889509439468384e-01 1.3959996852301640e-01 1 0 0 0 0
P 10005 2212 -4.7136962413787842e-01 9.5812246203422546e-02 5.3003406524658203e+01 5.3013896942138672e+01 9.3850757292519238e-01 1 0 0 0 0
P 10006 111 1.7932230234146118e-01 6.7016422748565674e-02 1.7072198867797852e+01 1.7073806762695312e+01 1.3511291273177484e-01 1 0 0 0 0
P 10007 -211 -1.9228966534137726e-01 2.2637590765953064e-02 1.0516452789306641e+00 1.0783939361572266e+00 1.3959911507863004e-01 1 0 0 0 0
P 10008 321 -2.3791053891181946e-01 -4.3702363967895508e-02 2.2334973812103271e+00 2.3001439571380615e+00 4.9359938264108111e-01 1 0 0 0 0
P 10009 111 8.3594508469104767e-02 -2.4779346585273743e-01 3.7576329708099365e+00 3.7691402435302734e+00 1.3499254985382253e-01 1 0 0 0 0
P 10010 211 -5.1374405622482300e-02 -6.8231388926506042e-02 1.0278805494308472e+00 1.0408272743225098e+00 1.3959992509833691e-01 1 0 0 0 0
P 10011 -211 -1.2602683901786804e-01 -4.5039284974336624e-02 2.3251973092556000e-01 3.0243158340454102e-01 1.3959991413696463e-01 1 0 0 0 0
P 10012 111 -1.7155162990093231e-01 3.4366399049758911e-01 1.6371244192123413e+00 1.6869902610778809e+00 1.3499954408766546e-01 1 0 0 0 0
P 10013 130 -2.5901928544044495e-01 6.2478452920913696e-01 2.2460165023803711e+00 2.3978619575500488e+00 4.9769984963995623e-01 1 0 0 0 0
P 10014 2212 -2.1583223715424538e-02 2.3826231062412262e-01 6.7121062278747559e+00 6.7815957069396973e+00 9.3831527425378380e-01 1 0 0 0 0
P 10015 -2112 -3.0616125091910362e-02 -3.4087994694709778e-01 4.3811831474304199e+00 4.4938521385192871e+00 9.3957691872445914e-01 1 0 0 0 0
P 10016 111 3.5206224769353867e-02 3.3209905028343201e-01 9.5667594671249390e-01 1.0222437381744385e+00 1.3499679906181372e-01 1 0 0 0 0
P 10017 111 -2.2885760664939880e-01 -1.5003500878810883e-01 -2.0351889133453369e+00 2.0579371452331543e+00 1.3500026941926041e-01 1 0 0 0 0
P 10018 211 -1.8789082765579224e-01 5.5740915238857269e-02 -3.8690587878227234e-01 4.5562520623207092e-01 1.3959998842725829e-01 1 0 0 0 0
P 10019 111 5.7236939668655396e-01 4.2532239109277725e-02 -5.6690135002136230e+00 5.6995921134948730e+00 1.3498324704073739e-01 1 0 0 0 0
P 10020 2112 2.1879468858242035e-01 -4.4726216793060303e-01 -7.8497283935546875e+01 7.8504486083984375e+01 9.3959325775411295e-01 1 0 0 0 0
P 10021 -211 -4.1394580155611038e-02 -7.0412650704383850e-02 1.9465795159339905e-01 2.5308349728584290e-01 1.3959973436370962e-01 1 0 0 0 0
P 10022 211 -2.2321935743093491e-02 6.3287749886512756e-02 4.7619995474815369e-01 5.0075745582580566e-01 1.3959951490593911e-01 1 0 0 0 0
P 10023 111 -8.3995640277862549e-02 -2.2131049633026123e-01 2.8400208950042725e+00 2.8530642986297607e+00 1.3499483206117613e-01 1 0 0 0 0
P 10024 -211 3.6805620789527893e-01 2.7035850286483765e-01 4.4634601473808289e-01 6.5366065502166748e-01 1.3960084100469192e-01 1 0 0 0 0
P 10025 111 1.0811346024274826e-01 -3.7531486153602600e-01 2.7415025234222412e-01 4.9591660499572754e-01 1.3500056546443284e-01 1 0 0 0 0
P 10026 111 -2.5953084230422974e-01 1.2233285605907440e-01 -4.6384186744689941e+00 4.6492447853088379e+00 1.3500995622548273e-01 1 0 0 0 0
P 10027 111 -1.5916135907173157e-01 1.6140404343605042e-01 -2.0206346511840820e+00 2.0377862453460693e+00 1.3499920257818826e-01 1 0 0 0 0
P 10028 111 -1.2536123394966125e-02 1.6060194373130798e-01 -3.0338890552520752e+00 3.0411603450775146e+00 1.3499372642315605e-01 1 0 0 0 0
P 10029 321 -6.6323461942374706e-03 1.0589440166950226e-01 -2.5443623065948486e+00 2.5939693450927734e+00 4.9359882874596800e-01 1 0 0 0 0
P 10030 3122 -1.2352614104747772e-01 1.2206258624792099e-01 -6.4018409729003906e+01 6.4028366088867188e+01 1.1156710074623293e+00 1 0 0 0 0
P 10031 -211 7.1223813295364380e-01 -4.8323196172714233e-01 -2.4270548820495605e+00 2.5789303779602051e+00 1.3960733153171156e-01 1 0 0 0 0
P 10032 211 4.4392007589340210e-01 1.0852815955877304e-01 -5.1956820487976074e-01 7.0589154958724976e-01 1.3960073444754245e-01 1 0 0 0 0
P 10033 321 2.0098179578781128e-01 -2.8485596179962158e-01 -1.8409769058227539e+01 1.8419687271118164e+01 4.9370617507737885e-01 1 0 0 0 0
P 10034 -321 8.7965309619903564e-02 -6.1107873916625977e-02 -1.4862362861633301e+01 1.4870944976806641e+01 4.9366243973258461e-01 1 0 0 0 0
P 10035 2112 -1.0444743186235428e-01 9.6481703221797943e-02 -9.9995483398437500e+01 1.0000000000000000e+02 9.3972438923965196e-01 1 0 0 0 0
HepMC::IO_GenEvent-END_EVENT_LISTING
