0 0 0
0 1 15320
0 2 21228
0 3 2532
0 4 0
0 5 26912
0 6 6965
0 7 33234
0 8 25692
0 9 7636
0 10 41055
0 11 3853
0 12 28552
0 13 9533
0 14 5509
0 15 18194
0 16 4114
0 17 8020
0 18 8810
0 19 32473
0 20 7941
0 21 18838
0 22 17934
0 23 5053
0 24 4224
0 25 20366
0 26 2741
0 27 33648
0 28 15563
0 29 19269
0 30 3718
0 31 40639
0 32 28968
0 33 3433
0 34 30238
0 35 23735
0 36 6367
0 37 23835
0 38 22851
0 39 18880
0 40 5834
0 41 9237
0 42 34856
0 43 10437
0 44 28695
0 45 17969
0 46 15406
0 47 22745
0 48 44341
0 49 12229
0 50 24594
0 51 1387
0 52 29868
0 53 35590
0 54 8358
0 55 31129
0 56 14186
0 57 7274
0 58 38114
0 59 5735
0 60 12232
0 61 14355
0 62 2930
0 63 4323
0 64 15622
0 65 35165
0 66 0
0 67 28125
0 68 19572
0 69 56746
0 70 8132
0 71 27722
0 72 14997
0 73 35220
0 74 17340
0 75 46550
0 76 0
0 77 37488
0 78 24700
0 79 27915
0 80 30853
0 81 35403
0 82 587
0 83 4191
0 84 11980
0 85 37338
0 86 31401
0 87 19689
0 88 1124
0 89 15768
0 90 7345
0 91 24175
0 92 70875
0 93 2969
0 94 3013
0 95 13873
0 96 57710
0 97 15832
0 98 22506
0 99 7254
0 100 13603
0 101 2275
0 102 40671
0 103 60004
0 104 25484
0 105 18500
0 106 17738
0 107 4488
0 108 3127
0 109 6834
0 110 8672
0 111 20474
0 112 1607
0 113 1129
0 114 11011
0 115 32602
0 116 6601
0 117 6354
0 118 6427
0 119 11211
0 120 8307
0 121 10847
0 122 5741
0 123 43678
0 124 21280
1 0 8341
1 1 3899
1 2 8797
1 3 4540
1 4 6202
1 5 0
1 6 14762
1 7 48019
1 8 49342
1 9 53026
1 10 18573
1 11 41174
1 12 35125
1 13 15013
1 14 17389
1 15 12449
1 16 13872
1 17 5613
1 18 10961
1 19 16182
1 20 12413
1 21 26871
1 22 30199
1 23 10355
1 24 12261
1 25 36979
1 26 3495
1 27 29959
1 28 35469
1 29 996
1 30 29138
1 31 7076
1 32 53004
1 33 36601
1 34 17116
1 35 16146
1 36 54327
1 37 697
1 38 27653
1 39 28856
1 40 24668
1 41 40790
1 42 22139
1 43 6736
1 44 37391
1 45 13712
1 46 24328
1 47 28
1 48 22123
1 49 27925
1 50 25915
1 51 39483
1 52 17422
1 53 20548
1 54 40803
1 55 21864
1 56 36793
1 57 5386
1 58 14000
1 59 0
1 60 3597
1 61 30696
1 62 6427
1 63 33409
1 64 11658
1 65 0
1 66 5959
1 67 11678
1 68 20529
1 69 17332
1 70 16546
1 71 11363
1 72 30599
1 73 17044
1 74 13345
1 75 0
1 76 39538
1 77 32
1 78 22216
1 79 472
1 80 5882
1 81 14343
1 82 8443
1 83 33900
1 84 48045
1 85 3947
1 86 2013
1 87 20150
1 88 2704
1 89 9339
1 90 10551
1 91 17609
1 92 11182
1 93 6501
1 94 8915
1 95 12349
1 96 9412
1 97 23250
1 98 22306
1 99 24444
1 100 1536
1 101 5772
1 102 2396
1 103 23825
1 104 22736
1 105 12949
1 106 4976
1 107 25463
1 108 21403
1 109 6462
1 110 19016
1 111 18819
1 112 0
1 113 4383
1 114 13744
1 115 9914
1 116 0
1 117 2140
1 118 23263
1 119 19661
1 120 20588
1 121 7520
1 122 2934
1 123 35255
1 124 16882
2 0 198
2 1 12250
2 2 8061
2 3 18274
2 4 19967
2 5 11828
2 6 27861
2 7 19685
2 8 4459
2 9 3253
2 10 2105
2 11 40132
2 12 0
2 13 29903
2 14 33127
2 15 27561
2 16 3556
2 17 4299
2 18 25434
2 19 23131
2 20 4375
2 21 26073
2 22 26214
2 23 5393
2 24 21509
2 25 3372
2 26 13409
2 27 28028
2 28 45831
2 29 6161
2 30 3094
2 31 49626
2 32 30644
2 33 18226
2 34 46527
2 35 12930
2 36 262
2 37 6037
2 38 27186
2 39 28161
2 40 27712
2 41 25082
2 42 7238
2 43 23334
2 44 25739
2 45 4537
2 46 21461
2 47 21668
2 48 13444
2 49 32228
2 50 13947
2 51 0
2 52 9611
2 53 24774
2 54 8558
2 55 0
2 56 12019
2 57 27842
2 58 19398
2 59 23418
2 60 9072
2 61 21473
2 62 17360
2 63 24737
2 64 18497
2 65 50727
2 66 21623
2 67 5110
2 68 6000
2 69 5419
2 70 4806
2 71 14485
2 72 24035
2 73 38041
2 74 5417
2 75 18705
2 76 16786
2 77 13122
2 78 30214
2 79 20550
2 80 51205
2 81 0
2 82 17814
2 83 14754
2 84 21049
2 85 9168
2 86 15766
2 87 14251
2 88 11477
2 89 29183
2 90 8170
2 91 2227
2 92 222
2 93 20093
2 94 12060
2 95 14466
2 96 11
2 97 12753
2 98 12673
2 99 29321
2 100 17365
2 101 30091
2 102 0
2 103 0
2 104 20262
2 105 12692
2 106 67943
2 107 7789
2 108 12902
2 109 32247
2 110 30883
2 111 23603
2 112 1641
2 113 40508
2 114 15725
2 115 21589
2 116 35330
2 117 15064
2 118 18530
2 119 8058
2 120 35619
2 121 7551
2 122 0
2 123 68168
2 124 1781
3 0 3088
3 1 36424
3 2 15437
3 3 50801
3 4 0
3 5 11481
3 6 21367
3 7 16707
3 8 12630
3 9 29228
3 10 13366
3 11 12405
3 12 16498
3 13 38540
3 14 16163
3 15 1336
3 16 13880
3 17 3095
3 18 15380
3 19 8955
3 20 8810
3 21 33130
3 22 59635
3 23 10751
3 24 25936
3 25 6266
3 26 29989
3 27 20688
3 28 45828
3 29 6473
3 30 14071
3 31 56903
3 32 19781
3 33 11158
3 34 9901
3 35 9895
3 36 22487
3 37 0
3 38 25324
3 39 32022
3 40 1048
3 41 6053
3 42 2398
3 43 3616
3 44 9800
3 45 26406
3 46 9272
3 47 3470
3 48 12688
3 49 2776
3 50 14899
3 51 23877
3 52 14309
3 53 22948
3 54 21557
3 55 8985
3 56 24888
3 57 22022
3 58 33105
3 59 0
3 60 11060
3 61 3141
3 62 41625
3 63 14122
3 64 25842
3 65 16990
3 66 3259
3 67 15337
3 68 13208
3 69 18801
3 70 7541
3 71 14870
3 72 45508
3 73 15327
3 74 3541
3 75 18823
3 76 28159
3 77 48696
3 78 12411
3 79 1323
3 80 5054
3 81 12143
3 82 11752
3 83 14667
3 84 57801
3 85 12295
3 86 26869
3 87 3130
3 88 9849
3 89 19210
3 90 32881
3 91 29127
3 92 5432
3 93 11345
3 94 30622
3 95 10605
3 96 23714
3 97 0
3 98 15825
3 99 667
3 100 12934
3 101 11823
3 102 9881
3 103 28489
3 104 14157
3 105 21866
3 106 16995
3 107 4139
3 108 19260
3 109 19056
3 110 12122
3 111 24188
3 112 28919
3 113 41263
3 114 13846
3 115 23122
3 116 2706
3 117 5117
3 118 7566
3 119 30114
3 120 18296
3 121 18363
3 122 10043
3 123 5304
3 124 22276
