0 0 0 0
0 1 1 1
0 3 2 0
0 4 3 0
0 6 4 0
0 9 5 0
0 11 6 0
0 13 7 1
0 14 8 1
0 16 9 1
0 17 10 0
0 18 11 0
0 20 12 1
0 23 13 0
0 24 14 0
0 25 15 1
0 26 16 1
0 30 17 0
0 33 18 1
0 36 19 0
0 40 20 1
0 41 21 1
0 43 22 1
0 51 23 1
0 54 24 1
0 57 25 1
0 59 26 1
0 62 27 1
0 63 28 1
0 64 29 1
0 66 30 0
0 70 31 1
0 76 32 0
0 82 33 0
0 83 34 0
0 84 35 1
0 88 36 1
0 90 37 1
0 93 38 0
0 94 39 1
0 97 40 1
0 99 41 1
0 100 42 1
0 101 43 1
0 107 44 1
0 108 45 0
0 109 46 1
0 110 47 1
0 112 48 1
0 113 49 0
0 114 50 1
0 115 51 1
0 116 52 0
0 117 53 1
0 118 54 1
0 120 55 1
0 122 56 1
1 0 0 1
1 1 1 1
1 2 2 1
1 3 3 1
1 4 4 1
1 5 5 0
1 6 6 1
1 15 7 1
1 16 8 1
1 17 9 1
1 22 10 1
1 23 11 1
1 26 12 0
1 29 13 1
1 31 14 1
1 37 15 0
1 39 16 1
1 43 17 1
1 45 18 1
1 47 19 0
1 57 20 1
1 59 21 0
1 60 22 1
1 62 23 0
1 65 24 0
1 66 25 0
1 67 26 1
1 71 27 1
1 74 28 1
1 75 29 0
1 77 30 0
1 79 31 0
1 80 32 1
1 82 33 1
1 85 34 1
1 86 35 0
1 88 36 0
1 89 37 1
1 90 38 0
1 92 39 0
1 93 40 1
1 94 41 1
1 96 42 0
1 100 43 0
1 101 44 1
1 102 45 1
1 103 46 1
1 106 47 1
1 109 48 1
1 112 49 0
1 113 50 1
1 115 51 1
1 116 52 0
1 117 53 1
1 121 54 1
1 122 55 1
2 0 0 0
2 2 1 1
2 8 2 0
2 9 3 1
2 10 4 0
2 12 5 0
2 16 6 0
2 17 7 1
2 18 8 1
2 20 9 0
2 21 10 1
2 23 11 1
2 24 12 1
2 25 13 1
2 29 14 1
2 30 15 1
2 36 16 1
2 37 17 1
2 42 18 1
2 45 19 1
2 48 20 1
2 51 21 0
2 52 22 1
2 54 23 1
2 55 24 0
2 56 25 1
2 60 26 1
2 62 27 1
2 64 28 1
2 66 29 1
2 67 30 1
2 68 31 1
2 69 32 0
2 70 33 0
2 74 34 1
2 81 35 0
2 83 36 1
2 85 37 1
2 86 38 1
2 88 39 1
2 90 40 0
2 91 41 1
2 92 42 0
2 96 43 0
2 98 44 1
2 102 45 0
2 103 46 0
2 107 47 1
2 112 48 0
2 114 49 1
2 116 50 0
2 119 51 1
2 121 52 1
2 122 53 0
2 124 54 1
3 0 0 0
3 4 1 0
3 5 2 0
3 7 3 1
3 10 4 1
3 11 5 1
3 12 6 0
3 15 7 0
3 17 8 1
3 19 9 1
3 20 10 1
3 23 11 1
3 25 12 1
3 29 13 0
3 30 14 1
3 33 15 1
3 37 16 0
3 40 17 0
3 41 18 1
3 42 19 0
3 43 20 1
3 46 21 0
3 47 22 1
3 49 23 1
3 55 24 1
3 59 25 0
3 61 26 1
3 66 27 1
3 70 28 1
3 74 29 1
3 78 30 1
3 79 31 0
3 80 32 1
3 85 33 1
3 87 34 0
3 92 35 1
3 97 36 1
3 99 37 0
3 100 38 1
3 102 39 0
3 106 40 1
3 107 41 0
3 108 42 1
3 114 43 1
3 116 44 1
3 117 45 1
3 118 46 1
3 123 47 1
