# per-layer real cluster median radius minus GDML nominal [cm], run 79507
# measured 2026-08-05 (knob A source); layer dr_cm n
7 +0.11965 21649
8 +0.11125 21364
9 +0.10919 21559
10 +0.10087 20869
11 +0.09909 18968
12 +0.09057 18329
13 +0.08835 20210
14 +0.07964 20085
15 +0.07739 19768
16 +0.06875 19089
17 +0.06662 19367
18 +0.05842 18961
19 +0.05624 19649
20 +0.04803 19192
21 +0.04629 19308
22 +0.03873 18022
23 -0.00474 24341
24 -0.00458 23207
25 -0.00381 23335
26 -0.00306 22879
27 -0.00257 22677
28 -0.00227 22388
29 -0.00186 21696
30 -0.00129 20958
31 +0.00005 20005
32 +0.00060 21112
33 +0.00066 20016
34 +0.00123 18907
35 +0.00173 20851
36 +0.00248 19425
37 +0.00295 18842
38 +0.00236 18992
39 -0.00416 20561
40 -0.00388 19122
41 -0.00307 19098
42 -0.00318 19711
43 -0.00303 19073
44 -0.00228 17488
45 -0.00254 19003
46 -0.00262 17181
47 -0.00901 15529
48 -0.00250 15920
49 -0.00146 16451
50 -0.00143 16289
51 -0.00066 17112
52 -0.00053 16620
53 +0.00057 15553
54 +0.00154 14767
