0 0 0 0
0 3 1 0
0 4 2 0
0 6 3 0
0 9 4 0
0 11 5 0
0 14 6 1
0 16 7 1
0 18 8 0
0 20 9 1
0 23 10 0
0 24 11 0
0 26 12 1
0 30 13 0
0 33 14 1
0 36 15 0
0 40 16 1
0 41 17 1
0 43 18 1
0 51 19 1
0 57 20 1
0 59 21 1
0 61 22 0
0 62 23 1
0 63 24 1
0 66 25 0
0 76 26 0
0 77 27 1
0 82 28 0
0 83 29 0
0 88 30 1
0 90 31 1
0 93 32 0
0 94 33 1
0 95 34 1
0 99 35 1
0 101 36 1
0 106 37 1
0 107 38 1
0 108 39 0
0 109 40 1
0 110 41 1
0 112 42 1
0 113 43 0
0 116 44 0
0 117 45 1
0 118 46 1
0 121 47 1
0 122 48 1
1 0 0 1
1 1 1 1
1 3 2 1
1 4 3 1
1 5 4 0
1 17 5 1
1 26 6 0
1 29 7 1
1 31 8 1
1 37 9 0
1 43 10 1
1 47 11 0
1 57 12 1
1 59 13 0
1 60 14 1
1 62 15 0
1 64 16 0
1 65 17 0
1 66 18 0
1 67 19 1
1 75 20 0
1 77 21 0
1 79 22 0
1 80 23 1
1 82 24 1
1 85 25 1
1 86 26 0
1 88 27 0
1 89 28 1
1 91 29 1
1 93 30 1
1 96 31 0
1 100 32 0
1 101 33 1
1 102 34 1
1 106 35 1
1 109 36 1
1 112 37 0
1 113 38 1
1 115 39 1
1 116 40 0
1 117 41 1
1 121 42 1
1 122 43 1
2 0 0 0
2 2 1 1
2 8 2 0
2 9 3 1
2 10 4 0
2 12 5 0
2 16 6 0
2 17 7 1
2 20 8 0
2 23 9 1
2 25 10 1
2 29 11 1
2 30 12 1
2 36 13 1
2 37 14 1
2 42 15 1
2 45 16 1
2 51 17 0
2 55 18 0
2 67 19 1
2 68 20 1
2 69 21 0
2 70 22 0
2 74 23 1
2 81 24 0
2 84 25 1
2 91 26 1
2 92 27 0
2 96 28 0
2 102 29 0
2 103 30 0
2 107 31 1
2 112 32 0
2 114 33 1
2 117 34 1
2 119 35 1
2 121 36 1
2 122 37 0
2 124 38 1
3 0 0 0
3 2 1 1
3 4 2 0
3 5 3 0
3 15 4 0
3 16 5 1
3 17 6 1
3 18 7 0
3 25 8 1
3 29 9 0
3 35 10 1
3 37 11 0
3 40 12 0
3 41 13 1
3 42 14 0
3 43 15 1
3 46 16 0
3 47 17 1
3 49 18 1
3 59 19 0
3 61 20 1
3 66 21 1
3 70 22 1
3 74 23 1
3 79 24 0
3 80 25 1
3 85 26 1
3 87 27 0
3 88 28 1
3 92 29 1
3 97 30 1
3 99 31 0
3 101 32 1
3 107 33 0
3 108 34 1
3 110 35 1
3 114 36 1
3 116 37 1
3 117 38 1
3 118 39 1
3 123 40 1
4 1 0 1
4 3 1 1
4 10 2 0
4 11 3 0
4 15 4 1
4 17 5 1
4 18 6 0
4 23 7 1
4 29 8 1
4 35 9 1
4 36 10 0
4 38 11 0
4 39 12 1
4 40 13 0
4 42 14 0
4 48 15 0
4 51 16 1
4 54 17 1
4 56 18 1
4 58 19 1
4 60 20 1
4 61 21 0
4 62 22 0
4 63 23 0
4 65 24 0
4 66 25 1
4 68 26 1
4 70 27 1
4 71 28 1
4 74 29 0
4 76 30 0
4 79 31 0
4 80 32 0
4 81 33 0
4 87 34 0
4 89 35 1
4 91 36 0
4 93 37 0
4 94 38 1
4 97 39 1
4 101 40 0
4 102 41 0
4 112 42 1
4 116 43 1
4 117 44 1
4 122 45 1
4 127 46 0
4 128 47 0
4 133 48 0
4 134 49 0
4 138 50 1
4 139 51 0
4 147 52 0
4 150 53 1
4 152 54 1
4 158 55 0
4 159 56 0
4 162 57 0
4 166 58 0
4 173 59 1
4 174 60 0
4 176 61 1
4 178 62 1
4 180 63 0
4 182 64 0
4 183 65 0
4 184 66 1
4 187 67 1
4 188 68 1
4 193 69 0
4 196 70 0
4 201 71 1
4 205 72 1
4 209 73 0
4 211 74 0
4 213 75 1
4 214 76 0
4 215 77 1
4 219 78 1
4 222 79 0
4 224 80 0
4 225 81 0
4 226 82 0
4 227 83 1
4 230 84 1
4 238 85 1
4 242 86 0
4 245 87 1
5 4 0 0
5 5 1 1
5 7 2 1
5 11 3 0
5 13 4 0
5 17 5 0
5 21 6 1
5 22 7 1
5 23 8 0
5 24 9 1
5 27 10 0
5 28 11 0
5 29 12 1
5 32 13 1
5 36 14 0
5 38 15 0
5 40 16 1
5 41 17 1
5 46 18 1
5 48 19 1
5 51 20 1
5 55 21 0
5 56 22 0
5 59 23 1
5 62 24 0
5 63 25 1
5 64 26 0
5 69 27 1
5 78 28 1
5 80 29 0
5 82 30 0
5 83 31 1
5 84 32 0
5 86 33 1
5 87 34 1
5 88 35 1
5 89 36 1
5 95 37 0
5 96 38 1
5 103 39 1
5 105 40 0
5 108 41 0
5 109 42 0
5 111 43 0
5 118 44 1
5 119 45 1
5 120 46 0
5 121 47 0
5 122 48 1
5 124 49 1
5 126 50 1
5 127 51 1
5 128 52 1
5 130 53 1
5 133 54 1
5 134 55 0
5 136 56 1
5 137 57 0
5 141 58 1
5 142 59 0
5 147 60 0
5 151 61 0
5 161 62 1
5 162 63 1
5 165 64 0
5 166 65 0
5 168 66 0
5 171 67 0
5 172 68 1
5 177 69 1
5 178 70 1
5 180 71 0
5 181 72 1
5 182 73 0
5 187 74 1
5 188 75 1
5 189 76 1
5 197 77 0
5 198 78 0
5 199 79 1
5 203 80 1
5 205 81 0
5 206 82 1
5 210 83 0
5 211 84 1
5 212 85 1
5 213 86 0
5 215 87 1
5 216 88 1
5 221 89 1
5 223 90 0
5 225 91 1
5 226 92 0
5 235 93 1
5 236 94 1
5 237 95 1
5 242 96 1
5 243 97 1
5 248 98 1
6 2 0 0
6 4 1 1
6 8 2 0
6 12 3 0
6 14 4 0
6 15 5 1
6 18 6 0
6 21 7 0
6 23 8 0
6 25 9 0
6 26 10 0
6 27 11 0
6 28 12 0
6 29 13 1
6 34 14 1
6 35 15 1
6 38 16 1
6 39 17 0
6 40 18 0
6 42 19 1
6 44 20 0
6 49 21 0
6 50 22 1
6 51 23 1
6 52 24 1
6 60 25 1
6 61 26 1
6 66 27 1
6 69 28 1
6 70 29 0
6 72 30 1
6 74 31 0
6 76 32 0
6 79 33 0
6 92 34 1
6 93 35 0
6 98 36 0
6 99 37 1
6 104 38 1
6 107 39 0
6 108 40 0
6 110 41 1
6 114 42 1
6 117 43 0
6 118 44 1
6 120 45 1
6 121 46 1
6 124 47 0
6 125 48 0
6 126 49 0
6 128 50 1
6 129 51 0
6 131 52 0
6 133 53 0
6 138 54 0
6 139 55 1
6 140 56 0
6 141 57 0
6 142 58 1
6 150 59 0
6 151 60 1
6 156 61 1
6 157 62 1
6 158 63 1
6 159 64 0
6 160 65 0
6 168 66 1
6 169 67 0
6 171 68 1
6 172 69 0
6 174 70 1
6 175 71 0
6 180 72 1
6 181 73 1
6 185 74 0
6 190 75 0
6 193 76 1
6 199 77 1
6 209 78 1
6 210 79 0
6 212 80 0
6 216 81 1
6 219 82 1
6 221 83 0
6 224 84 0
6 227 85 0
6 228 86 1
6 231 87 1
6 232 88 1
6 235 89 0
6 236 90 1
6 237 91 0
6 238 92 0
6 241 93 1
6 243 94 0
6 245 95 0
6 248 96 1
7 2 0 0
7 3 1 1
7 4 2 0
7 6 3 0
7 7 4 0
7 8 5 0
7 10 6 1
7 15 7 1
7 16 8 1
7 17 9 1
7 18 10 0
7 22 11 0
7 25 12 1
7 26 13 0
7 32 14 1
7 33 15 0
7 34 16 1
7 37 17 0
7 41 18 1
7 42 19 0
7 44 20 0
7 46 21 0
7 53 22 1
7 56 23 0
7 61 24 0
7 63 25 1
7 70 26 1
7 73 27 1
7 74 28 1
7 75 29 1
7 78 30 0
7 82 31 0
7 84 32 1
7 86 33 1
7 89 34 1
7 91 35 0
7 94 36 0
7 97 37 1
7 99 38 1
7 100 39 1
7 104 40 1
7 105 41 0
7 106 42 1
7 108 43 1
7 110 44 0
7 111 45 0
7 114 46 0
7 122 47 1
7 124 48 1
7 125 49 1
7 131 50 0
7 133 51 0
7 138 52 1
7 139 53 1
7 141 54 1
7 142 55 1
7 143 56 1
7 145 57 0
7 150 58 1
7 151 59 1
7 153 60 0
7 156 61 1
7 160 62 0
7 162 63 1
7 170 64 0
7 171 65 0
7 172 66 1
7 173 67 1
7 174 68 0
7 184 69 1
7 185 70 1
7 187 71 1
7 188 72 0
7 189 73 0
7 193 74 1
7 194 75 1
7 202 76 0
7 204 77 1
7 207 78 1
7 210 79 0
7 220 80 1
7 224 81 1
7 225 82 1
7 227 83 1
7 228 84 0
7 229 85 0
7 230 86 1
7 231 87 1
7 233 88 0
7 234 89 1
7 235 90 1
7 240 91 0
7 241 92 0
7 244 93 1
7 248 94 1
7 249 95 1
8 7 0 1
8 11 1 1
8 14 2 0
8 16 3 1
8 22 4 0
8 26 5 1
8 28 6 1
8 29 7 1
8 31 8 1
8 32 9 0
8 35 10 1
8 46 11 1
8 48 12 1
8 50 13 0
8 51 14 0
8 53 15 0
8 54 16 1
8 60 17 1
8 63 18 1
8 66 19 1
8 67 20 0
8 68 21 0
8 69 22 1
8 76 23 0
8 77 24 1
8 83 25 0
8 88 26 1
8 90 27 1
8 92 28 0
8 93 29 0
8 94 30 0
8 104 31 1
8 107 32 0
8 111 33 0
8 114 34 1
8 116 35 1
8 119 36 1
8 121 37 1
8 122 38 0
8 123 39 0
8 127 40 0
8 128 41 1
8 129 42 0
8 133 43 1
8 134 44 1
8 140 45 1
8 143 46 1
8 145 47 0
8 146 48 0
8 148 49 1
8 154 50 0
8 155 51 0
8 164 52 0
8 168 53 1
8 172 54 0
8 173 55 1
8 174 56 1
8 176 57 1
8 178 58 0
8 181 59 1
8 182 60 0
8 184 61 1
8 196 62 1
8 199 63 0
8 204 64 0
8 211 65 0
8 214 66 0
8 223 67 1
8 228 68 1
8 229 69 0
8 230 70 0
8 232 71 1
8 234 72 1
8 235 73 1
8 240 74 0
8 244 75 1
8 245 76 1
8 247 77 0
8 248 78 1
9 3 0 0
9 4 1 1
9 12 2 1
9 13 3 0
9 17 4 1
9 18 5 1
9 19 6 1
9 23 7 0
9 27 8 1
9 29 9 1
9 30 10 1
9 37 11 1
9 38 12 0
9 39 13 1
9 40 14 1
9 43 15 0
9 44 16 0
9 45 17 0
9 49 18 1
9 50 19 1
9 53 20 1
9 59 21 0
9 61 22 1
9 65 23 0
9 68 24 0
9 69 25 1
9 71 26 0
9 77 27 1
9 82 28 1
9 84 29 1
9 87 30 0
9 88 31 1
9 89 32 1
9 94 33 0
9 103 34 1
9 104 35 1
9 105 36 0
9 106 37 0
9 114 38 1
9 116 39 1
9 117 40 1
9 119 41 1
9 121 42 0
9 128 43 1
9 130 44 0
9 133 45 1
9 134 46 0
9 137 47 1
9 144 48 1
9 145 49 1
9 152 50 0
9 153 51 1
9 159 52 1
9 162 53 0
9 165 54 0
9 166 55 1
9 173 56 0
9 176 57 0
9 180 58 1
9 186 59 1
9 190 60 1
9 195 61 0
9 198 62 1
9 202 63 1
9 206 64 1
9 207 65 1
9 213 66 0
9 215 67 1
9 219 68 1
9 220 69 0
9 221 70 1
9 222 71 1
9 226 72 0
9 230 73 1
9 234 74 1
9 237 75 1
9 239 76 1
9 240 77 0
9 249 78 1
