0 0 0
0 1 16690
0 2 21807
0 3 2863
0 4 0
0 5 29081
0 6 7380
0 7 35767
0 8 27762
0 9 8364
0 10 44328
0 11 4110
0 12 30673
0 13 10292
0 14 6066
0 15 19854
0 16 4453
0 17 9093
0 18 9419
0 19 34542
0 20 8426
0 21 20222
0 22 19731
0 23 5402
0 24 4564
0 25 22053
0 26 2991
0 27 36098
0 28 17231
0 29 21240
0 30 4047
0 31 43442
0 32 31351
0 33 3574
0 34 33018
0 35 25947
0 36 6837
0 37 25632
0 38 24838
0 39 20886
0 40 6491
0 41 10120
0 42 37181
0 43 11383
0 44 31584
0 45 19308
0 46 16662
0 47 24858
0 48 48481
0 49 13371
0 50 26425
0 51 1535
0 52 32208
0 53 38222
0 54 9251
0 55 33602
0 56 15533
0 57 7844
0 58 41497
0 59 6260
0 60 13261
0 61 15210
0 62 3125
0 63 4548
0 64 17075
0 65 38756
0 66 0
0 67 30692
0 68 21402
0 69 61669
0 70 8949
0 71 29586
0 72 15791
0 73 37999
0 74 19118
0 75 50916
0 76 0
0 77 40942
0 78 26827
0 79 29739
0 80 33381
0 81 38728
0 82 548
0 83 4357
0 84 13045
0 85 40481
0 86 33537
0 87 20977
0 88 1253
0 89 17201
0 90 7715
0 91 26067
0 92 76717
0 93 3215
0 94 3159
0 95 15174
0 96 62701
0 97 16790
0 98 24305
0 99 7661
0 100 14726
0 101 2490
0 102 44680
0 103 64655
0 104 27904
0 105 20306
0 106 18475
0 107 4931
0 108 3268
0 109 7210
0 110 9289
0 111 22049
0 112 1651
0 113 1300
0 114 11648
0 115 34917
0 116 7944
0 117 6889
0 118 6969
0 119 12171
0 120 9098
0 121 11689
0 122 6314
0 123 47718
0 124 23203
1 0 9039
1 1 4186
1 2 9799
1 3 4991
1 4 6775
1 5 0
1 6 16330
1 7 52268
1 8 52985
1 9 57401
1 10 19906
1 11 44397
1 12 38051
1 13 16488
1 14 18874
1 15 13493
1 16 14901
1 17 6128
1 18 11883
1 19 17541
1 20 13260
1 21 29329
1 22 32504
1 23 11553
1 24 13055
1 25 39809
1 26 3728
1 27 32467
1 28 38367
1 29 1045
1 30 30885
1 31 7735
1 32 57882
1 33 39670
1 34 18225
1 35 17242
1 36 58174
1 37 746
1 38 30466
1 39 31941
1 40 26962
1 41 44505
1 42 23662
1 43 7408
1 44 40437
1 45 14696
1 46 26315
1 47 12
1 48 24245
1 49 29796
1 50 27593
1 51 42318
1 52 18822
1 53 22487
1 54 43984
1 55 23891
1 56 39752
1 57 5855
1 58 14830
1 59 0
1 60 3840
1 61 33042
1 62 6956
1 63 36472
1 64 12907
1 65 0
1 66 6596
1 67 12683
1 68 22410
1 69 18836
1 70 17552
1 71 12211
1 72 33594
1 73 18815
1 74 14267
1 75 0
1 76 42564
1 77 33
1 78 23928
1 79 511
1 80 6284
1 81 15487
1 82 9004
1 83 36713
1 84 51990
1 85 4238
1 86 2074
1 87 21768
1 88 2973
1 89 10268
1 90 11349
1 91 19686
1 92 11995
1 93 7319
1 94 9635
1 95 13421
1 96 10010
1 97 25115
1 98 24837
1 99 26645
1 100 1598
1 101 6045
1 102 2601
1 103 25758
1 104 24715
1 105 13857
1 106 5389
1 107 27466
1 108 23117
1 109 6760
1 110 20728
1 111 20100
1 112 0
1 113 4715
1 114 14782
1 115 10615
1 116 0
1 117 2291
1 118 25275
1 119 21412
1 120 22713
1 121 8145
1 122 3166
1 123 38510
1 124 17847
2 0 208
2 1 13277
2 2 8460
2 3 19657
2 4 21925
2 5 12937
2 6 30803
2 7 21481
2 8 4685
2 9 3532
2 10 2270
2 11 43614
2 12 0
2 13 33025
2 14 35384
2 15 29883
2 16 3758
2 17 4405
2 18 27293
2 19 25067
2 20 4839
2 21 27791
2 22 28214
2 23 5839
2 24 22934
2 25 3743
2 26 14245
2 27 30166
2 28 49678
2 29 6814
2 30 3509
2 31 54081
2 32 33483
2 33 20087
2 34 50866
2 35 13852
2 36 294
2 37 6624
2 38 29489
2 39 30440
2 40 29816
2 41 26878
2 42 7941
2 43 25080
2 44 27515
2 45 4781
2 46 22954
2 47 23859
2 48 14659
2 49 34631
2 50 14921
2 51 0
2 52 9947
2 53 26251
2 54 9590
2 55 0
2 56 13178
2 57 30918
2 58 20712
2 59 25185
2 60 9865
2 61 23290
2 62 18581
2 63 27188
2 64 20287
2 65 54604
2 66 23727
2 67 5364
2 68 6455
2 69 6042
2 70 5171
2 71 15807
2 72 26095
2 73 41476
2 74 5993
2 75 20318
2 76 18206
2 77 14147
2 78 33531
2 79 22558
2 80 56128
2 81 0
2 82 19230
2 83 15937
2 84 22545
2 85 9717
2 86 16595
2 87 15505
2 88 12423
2 89 32006
2 90 8635
2 91 2446
2 92 227
2 93 21987
2 94 13070
2 95 15307
2 96 11
2 97 13812
2 98 13720
2 99 31766
2 100 18687
2 101 32554
2 102 0
2 103 0
2 104 22442
2 105 13507
2 106 74077
2 107 8421
2 108 13851
2 109 34691
2 110 33197
2 111 25716
2 112 1799
2 113 43717
2 114 17421
2 115 23234
2 116 38378
2 117 16366
2 118 20415
2 119 8624
2 120 38847
2 121 8165
2 122 0
2 123 73938
2 124 1865
3 0 3280
3 1 39010
3 2 16702
3 3 55199
3 4 0
3 5 12567
3 6 23834
3 7 18343
3 8 14264
3 9 31795
3 10 14434
3 11 13506
3 12 17864
3 13 41599
3 14 17189
3 15 1578
3 16 15119
3 17 3315
3 18 16937
3 19 9799
3 20 9751
3 21 36013
3 22 65108
3 23 11960
3 24 28368
3 25 6810
3 26 31905
3 27 22096
3 28 49635
3 29 6885
3 30 15200
3 31 62215
3 32 21396
3 33 12026
3 34 10691
3 35 10853
3 36 24399
3 37 0
3 38 27442
3 39 35419
3 40 1167
3 41 6426
3 42 2609
3 43 3924
3 44 10912
3 45 29093
3 46 10126
3 47 3817
3 48 13441
3 49 2810
3 50 16610
3 51 26423
3 52 15503
3 53 24854
3 54 23133
3 55 9620
3 56 26690
3 57 23554
3 58 35686
3 59 0
3 60 11809
3 61 3421
3 62 45234
3 63 15082
3 64 28212
3 65 18802
3 66 3519
3 67 16359
3 68 14462
3 69 20357
3 70 7829
3 71 16175
3 72 48771
3 73 16577
3 74 3892
3 75 20448
3 76 30785
3 77 53509
3 78 13367
3 79 1379
3 80 5558
3 81 13064
3 82 12734
3 83 16191
3 84 63108
3 85 13164
3 86 28878
3 87 3485
3 88 11024
3 89 20646
3 90 35997
3 91 32541
3 92 5885
3 93 12331
3 94 33012
3 95 11511
3 96 25561
3 97 0
3 98 17465
3 99 695
3 100 14029
3 101 12854
3 102 10611
3 103 30981
3 104 15529
3 105 23624
3 106 18444
3 107 4485
3 108 20885
3 109 20383
3 110 13068
3 111 26482
3 112 31081
3 113 45244
3 114 15063
3 115 25190
3 116 2888
3 117 5583
3 118 8482
3 119 32521
3 120 19482
3 121 20515
3 122 10756
3 123 5727
3 124 24464
4 0 26521
4 1 9429
4 2 22038
4 3 8626
4 4 31792
4 5 34371
4 6 33260
4 7 17771
4 8 26859
4 9 23946
4 10 5432
4 11 4901
4 12 24672
4 13 31084
4 14 28347
4 15 9360
4 16 41287
4 17 7128
4 18 5867
4 19 35237
4 20 54623
4 21 20961
4 22 20762
4 23 6901
4 24 21402
4 25 17118
4 26 14691
4 27 29608
4 28 22396
4 29 10987
4 30 23821
4 31 16051
4 32 25484
4 33 50621
4 34 14144
4 35 12403
4 36 0
4 37 25713
4 38 0
4 39 17507
4 40 4775
4 41 52348
4 42 5767
4 43 9912
4 44 14306
4 45 23575
4 46 31972
4 47 38470
4 48 21777
4 49 61848
4 50 24305
4 51 10781
4 52 28811
4 53 14483
4 54 10123
4 55 15311
4 56 5478
4 57 14347
4 58 5856
4 59 22137
4 60 11946
4 61 4651
4 62 12069
4 63 4368
4 64 36609
4 65 2754
4 66 9088
4 67 10567
4 68 8390
4 69 31296
4 70 5431
4 71 3608
4 72 23314
4 73 25292
4 74 846
4 75 28699
4 76 1019
4 77 11781
4 78 40226
4 79 4095
4 80 12090
4 81 4017
4 82 24957
4 83 8215
4 84 22213
4 85 48994
4 86 29807
4 87 0
4 88 12821
4 89 5288
4 90 36782
4 91 0
4 92 18624
4 93 454
4 94 1953
4 95 32027
4 96 23221
4 97 4943
4 98 19365
4 99 33577
4 100 25122
4 101 759
4 102 5217
4 103 26028
4 104 29341
4 105 20513
4 106 31944
4 107 20833
4 108 22082
4 109 11473
4 110 19413
4 111 10797
4 112 7716
4 113 12270
4 114 21678
4 115 23370
4 116 6388
4 117 542
4 118 23760
4 119 27890
4 120 22609
4 121 26954
4 122 4389
4 123 32634
4 124 18160
4 125 25145
4 126 16923
4 127 0
4 128 7616
4 129 14322
4 130 21681
4 131 38852
4 132 23890
4 133 0
4 134 2150
4 135 29422
4 136 51482
4 137 14180
4 138 5961
4 139 0
4 140 23899
4 141 18323
4 142 21773
4 143 33562
4 144 28938
4 145 38875
4 146 50812
4 147 2987
4 148 25541
4 149 25249
4 150 5226
4 151 20021
4 152 7537
4 153 33500
4 154 22035
4 155 46548
4 156 13745
4 157 29650
4 158 0
4 159 1155
4 160 28534
4 161 13170
4 162 0
4 163 28941
4 164 42019
4 165 16559
4 166 8236
4 167 34972
4 168 13640
4 169 20700
4 170 42262
4 171 30591
4 172 15761
4 173 8105
4 174 2792
4 175 23891
4 176 8523
4 177 15986
4 178 5581
4 179 13041
4 180 2664
4 181 27232
4 182 394
4 183 986
4 184 7073
4 185 35789
4 186 39701
4 187 10007
4 188 14697
4 189 30137
4 190 23488
4 191 28478
4 192 42875
4 193 0
4 194 24820
4 195 33299
4 196 3618
4 197 30307
4 198 22108
4 199 47275
4 200 28837
4 201 12293
4 202 26298
4 203 34295
4 204 21527
4 205 2068
4 206 32121
4 207 16378
4 208 17958
4 209 0
4 210 17192
4 211 0
4 212 24378
4 213 2208
4 214 5060
4 215 13090
4 216 14647
4 217 12168
4 218 24972
4 219 3690
4 220 15137
4 221 40676
4 222 1025
4 223 22610
4 224 3722
4 225 11337
4 226 2734
4 227 6365
4 228 63863
4 229 25398
4 230 4835
4 231 14809
4 232 8733
4 233 26507
4 234 20636
4 235 19243
4 236 33816
4 237 33531
4 238 7741
4 239 22426
4 240 23215
4 241 22545
4 242 5628
4 243 49314
4 244 12308
4 245 6268
4 246 28730
4 247 21914
4 248 40682
4 249 47045
5 0 53467
5 1 54473
5 2 25459
5 3 23283
5 4 0
5 5 8477
5 6 16391
5 7 4451
5 8 45765
5 9 18967
5 10 28722
5 11 2538
5 12 20055
5 13 2442
5 14 20472
5 15 14009
5 16 19207
5 17 4034
5 18 27642
5 19 40771
5 20 24811
5 21 14752
5 22 6403
5 23 6219
5 24 4225
5 25 26697
5 26 28706
5 27 7210
5 28 38
5 29 14039
5 30 25599
5 31 24506
5 32 12133
5 33 13601
5 34 30517
5 35 18744
5 36 5081
5 37 23222
5 38 4310
5 39 30585
5 40 5038
5 41 6789
5 42 29964
5 43 17661
5 44 21791
5 45 54877
5 46 13167
5 47 21171
5 48 4576
5 49 24206
5 50 20138
5 51 7171
5 52 21507
5 53 16381
5 54 40253
5 55 4920
5 56 0
5 57 21423
5 58 16617
5 59 9218
5 60 19197
5 61 20366
5 62 12552
5 63 12017
5 64 0
5 65 80493
5 66 15883
5 67 25486
5 68 44794
5 69 8328
5 70 19991
5 71 37750
5 72 17470
5 73 23535
5 74 13159
5 75 27200
5 76 21043
5 77 22399
5 78 3005
5 79 37791
5 80 0
5 81 24397
5 82 7834
5 83 5070
5 84 10395
5 85 14109
5 86 2974
5 87 4940
5 88 7748
5 89 10237
5 90 16756
5 91 40609
5 92 18876
5 93 20071
5 94 38718
5 95 16900
5 96 2411
5 97 34372
5 98 29904
5 99 29786
5 100 11787
5 101 45426
5 102 50596
5 103 6583
5 104 24249
5 105 7018
5 106 14119
5 107 27356
5 108 1485
5 109 2505
5 110 24933
5 111 1169
5 112 17283
5 113 11365
5 114 18100
5 115 40428
5 116 19571
5 117 25160
5 118 9398
5 119 4920
5 120 0
5 121 0
5 122 8122
5 123 55391
5 124 21911
5 125 17023
5 126 4614
5 127 2984
5 128 4668
5 129 26740
5 130 6913
5 131 20294
5 132 40514
5 133 4616
5 134 7793
5 135 20052
5 136 5588
5 137 664
5 138 45227
5 139 25218
5 140 21111
5 141 14020
5 142 2104
5 143 24832
5 144 12968
5 145 28833
5 146 19306
5 147 1385
5 148 16882
5 149 29163
5 150 14519
5 151 8739
5 152 33113
5 153 40524
5 154 33508
5 155 34298
5 156 34016
5 157 28636
5 158 18161
5 159 19999
5 160 14453
5 161 9255
5 162 7449
5 163 12265
5 164 19105
5 165 11635
5 166 5983
5 167 20393
5 168 0
5 169 23886
5 170 20304
5 171 0
5 172 5429
5 173 56931
5 174 16830
5 175 15011
5 176 23844
5 177 10924
5 178 3046
5 179 13530
5 180 481
5 181 5530
5 182 0
5 183 24389
5 184 10831
5 185 33801
5 186 16670
5 187 10576
5 188 38168
5 189 21798
5 190 15622
5 191 34141
5 192 24796
5 193 28540
5 194 39968
5 195 56044
5 196 35456
5 197 0
5 198 6337
5 199 13525
5 200 37415
5 201 25498
5 202 15090
5 203 19881
5 204 25944
5 205 0
5 206 9546
5 207 24768
5 208 26824
5 209 24849
5 210 6783
5 211 6228
5 212 9522
5 213 4455
5 214 24591
5 215 3363
5 216 11600
5 217 16055
5 218 35093
5 219 35514
5 220 13960
5 221 10924
5 222 20561
5 223 0
5 224 12879
5 225 6938
5 226 3766
5 227 23986
5 228 21091
5 229 20112
5 230 10402
5 231 30577
5 232 65995
5 233 19686
5 234 10927
5 235 4815
5 236 1393
5 237 9849
5 238 35529
5 239 15883
5 240 37605
5 241 22385
5 242 13316
5 243 15421
5 244 29820
5 245 13410
5 246 22063
5 247 20773
5 248 5211
5 249 23041
6 0 59880
6 1 19833
6 2 6858
6 3 27187
6 4 7048
6 5 37324
6 6 11682
6 7 27547
6 8 568
6 9 13402
6 10 27523
6 11 57312
6 12 2277
6 13 13989
6 14 2054
6 15 7040
6 16 27796
6 17 21418
6 18 11599
6 19 19897
6 20 19775
6 21 12043
6 22 11152
6 23 0
6 24 15061
6 25 8678
6 26 6259
6 27 6318
6 28 4816
6 29 5140
6 30 44803
6 31 29246
6 32 21374
6 33 25820
6 34 11084
6 35 4672
6 36 21312
6 37 19684
6 38 6997
6 39 4619
6 40 0
6 41 27465
6 42 13591
6 43 28267
6 44 7541
6 45 18640
6 46 14549
6 47 14849
6 48 33460
6 49 0
6 50 7320
6 51 10781
6 52 7871
6 53 34142
6 54 11771
6 55 71517
6 56 45491
6 57 17214
6 58 43975
6 59 71286
6 60 9122
6 61 11418
6 62 10050
6 63 27201
6 64 35290
6 65 14353
6 66 1534
6 67 14299
6 68 14457
6 69 3994
6 70 10462
6 71 11515
6 72 5715
6 73 49852
6 74 4131
6 75 24589
6 76 7035
6 77 22430
6 78 18219
6 79 2173
6 80 23724
6 81 9347
6 82 12689
6 83 26206
6 84 28231
6 85 13778
6 86 11061
6 87 18542
6 88 29624
6 89 24988
6 90 30423
6 91 18310
6 92 3091
6 93 7303
6 94 14183
6 95 24774
6 96 18437
6 97 21104
6 98 5880
6 99 8483
6 100 38168
6 101 19497
6 102 25715
6 103 9445
6 104 10014
6 105 13959
6 106 25124
6 107 0
6 108 6274
6 109 32353
6 110 15635
6 111 14117
6 112 24098
6 113 11056
6 114 3445
6 115 22496
6 116 13030
6 117 861
6 118 8462
6 119 33471
6 120 6775
6 121 1995
6 122 32028
6 123 17414
6 124 0
6 125 0
6 126 5359
6 127 10602
6 128 10636
6 129 0
6 130 16388
6 131 0
6 132 19397
6 133 4280
6 134 41534
6 135 37702
6 136 57133
6 137 20577
6 138 4629
6 139 3904
6 140 0
6 141 6009
6 142 11123
6 143 26972
6 144 22897
6 145 23023
6 146 47210
6 147 58786
6 148 12356
6 149 20800
6 150 2988
6 151 8813
6 152 24946
6 153 24153
6 154 40815
6 155 15985
6 156 10980
6 157 2307
6 158 11137
6 159 2304
6 160 3384
6 161 10718
6 162 29244
6 163 34697
6 164 61857
6 165 41236
6 166 11605
6 167 20809
6 168 9552
6 169 0
6 170 16031
6 171 19254
6 172 2228
6 173 41414
6 174 3771
6 175 0
6 176 36243
6 177 51326
6 178 27842
6 179 14565
6 180 6755
6 181 12471
6 182 16259
6 183 15501
6 184 10404
6 185 0
6 186 20588
6 187 12825
6 188 19183
6 189 30368
6 190 3571
6 191 9583
6 192 13796
6 193 4344
6 194 13467
6 195 16655
6 196 16998
6 197 14117
6 198 28980
6 199 8026
6 200 13067
6 201 68455
6 202 52154
6 203 14247
6 204 17319
6 205 11722
6 206 23146
6 207 23026
6 208 26053
6 209 4405
6 210 10269
6 211 12632
6 212 1971
6 213 26251
6 214 21774
6 215 36971
6 216 3290
6 217 29075
6 218 29797
6 219 2173
6 220 21945
6 221 0
6 222 9509
6 223 23690
6 224 5761
6 225 12352
6 226 9954
6 227 0
6 228 19644
6 229 36004
6 230 26339
6 231 3884
6 232 20172
6 233 35788
6 234 15638
6 235 2989
6 236 4660
6 237 0
6 238 5383
6 239 31649
6 240 29097
6 241 10093
6 242 32939
6 243 1116
6 244 14058
6 245 12768
6 246 43552
6 247 21043
6 248 5865
6 249 29602
7 0 27509
7 1 17178
7 2 2502
7 3 7845
7 4 11763
7 5 26901
7 6 13955
7 7 0
7 8 78
7 9 43568
7 10 25659
7 11 11855
7 12 16653
7 13 31731
7 14 47170
7 15 1633
7 16 8909
7 17 13677
7 18 17907
7 19 28696
7 20 12931
7 21 36060
7 22 1036
7 23 15180
7 24 22166
7 25 7352
7 26 168
7 27 37273
7 28 49500
7 29 11957
7 30 20010
7 31 31560
7 32 2055
7 33 6054
7 34 2874
7 35 32612
7 36 17157
7 37 1655
7 38 17137
7 39 28708
7 40 17079
7 41 9113
7 42 0
7 43 11500
7 44 8840
7 45 14982
7 46 7747
7 47 31105
7 48 25549
7 49 17187
7 50 48776
7 51 23800
7 52 28478
7 53 5668
7 54 8465
7 55 19129
7 56 2400
7 57 42753
7 58 31879
7 59 15731
7 60 32321
7 61 0
7 62 37093
7 63 14345
7 64 45850
7 65 35116
7 66 29844
7 67 25291
7 68 32849
7 69 21841
7 70 8146
7 71 31574
7 72 12227
7 73 3029
7 74 1686
7 75 3947
7 76 26468
7 77 22003
7 78 1964
7 79 29440
7 80 40910
7 81 15578
7 82 3485
7 83 18263
7 84 9061
7 85 28832
7 86 10571
7 87 14967
7 88 23815
7 89 26386
7 90 21270
7 91 10520
7 92 29635
7 93 33505
7 94 2639
7 95 55155
7 96 45427
7 97 5506
7 98 23866
7 99 8670
7 100 6750
7 101 47294
7 102 28236
7 103 25925
7 104 258
7 105 5053
7 106 5309
7 107 34082
7 108 7289
7 109 20024
7 110 0
7 111 0
7 112 10917
7 113 15927
7 114 178
7 115 24181
7 116 12941
7 117 23905
7 118 34901
7 119 28084
7 120 9746
7 121 34312
7 122 22070
7 123 28553
7 124 0
7 125 6136
7 126 35175
7 127 32752
7 128 33506
7 129 18044
7 130 8440
7 131 6264
7 132 19336
7 133 7984
7 134 58190
7 135 32539
7 136 13019
7 137 31235
7 138 8153
7 139 3094
7 140 27739
7 141 13600
7 142 183
7 143 5284
7 144 19678
7 145 10305
7 146 19164
7 147 11519
7 148 32190
7 149 25846
7 150 6361
7 151 8294
7 152 63935
7 153 1143
7 154 52694
7 155 18391
7 156 11440
7 157 9713
7 158 9454
7 159 11051
7 160 2808
7 161 46064
7 162 3723
7 163 29259
7 164 58369
7 165 30743
7 166 38536
7 167 28171
7 168 33674
7 169 37553
7 170 2174
7 171 4550
7 172 13391
7 173 5571
7 174 4192
7 175 22192
7 176 20623
7 177 18406
7 178 13566
7 179 16380
7 180 23488
7 181 40376
7 182 19514
7 183 19686
7 184 8214
7 185 8549
7 186 12609
7 187 3704
7 188 22669
7 189 206
7 190 46909
7 191 25854
7 192 15089
7 193 2698
7 194 7212
7 195 10330
7 196 17629
7 197 18198
7 198 75285
7 199 23522
7 200 15535
7 201 20563
7 202 4137
7 203 9425
7 204 6458
7 205 36484
7 206 29042
7 207 5393
7 208 40656
7 209 35121
7 210 0
7 211 15141
7 212 25861
7 213 22953
7 214 26475
7 215 29760
7 216 33248
7 217 18505
7 218 27513
7 219 18510
7 220 6115
7 221 36395
7 222 16130
7 223 11204
7 224 6126
7 225 4267
7 226 24526
7 227 11799
7 228 0
7 229 7766
7 230 8447
7 231 5196
7 232 26545
7 233 12160
7 234 9290
7 235 5743
7 236 66135
7 237 31910
7 238 12553
7 239 26956
7 240 4297
7 241 0
7 242 15579
7 243 26439
7 244 7333
7 245 17336
7 246 23720
7 247 17904
7 248 5679
7 249 21565
8 0 44640
8 1 61668
8 2 19379
8 3 15101
8 4 40570
8 5 17563
8 6 24577
8 7 12754
8 8 25116
8 9 23563
8 10 30878
8 11 2568
8 12 57592
8 13 28355
8 14 1955
8 15 24001
8 16 9303
8 17 27200
8 18 19396
8 19 32771
8 20 18335
8 21 22090
8 22 0
8 23 24169
8 24 13906
8 25 28225
8 26 7322
8 27 57706
8 28 7972
8 29 6878
8 30 31093
8 31 13489
8 32 0
8 33 11377
8 34 18315
8 35 6077
8 36 14457
8 37 10139
8 38 17036
8 39 15745
8 40 40536
8 41 42241
8 42 12225
8 43 38067
8 44 15462
8 45 35879
8 46 3600
8 47 17506
8 48 5628
8 49 28868
8 50 13812
8 51 171
8 52 17709
8 53 5356
8 54 2583
8 55 11878
8 56 23566
8 57 10857
8 58 31004
8 59 26668
8 60 5525
8 61 17326
8 62 20613
8 63 18733
8 64 31512
8 65 20179
8 66 9090
8 67 7269
8 68 177
8 69 11585
8 70 20372
8 71 29840
8 72 22596
8 73 13291
8 74 26060
8 75 17664
8 76 4007
8 77 5816
8 78 17882
8 79 48184
8 80 25342
8 81 29090
8 82 17264
8 83 0
8 84 10204
8 85 20527
8 86 44305
8 87 22598
8 88 6959
8 89 21085
8 90 4348
8 91 27294
8 92 10481
8 93 4751
8 94 3778
8 95 42295
8 96 18810
8 97 9541
8 98 40201
8 99 32984
8 100 23821
8 101 11963
8 102 30426
8 103 9789
8 104 5234
8 105 11704
8 106 24601
8 107 0
8 108 34726
8 109 33141
8 110 24716
8 111 8556
8 112 41779
8 113 18876
8 114 8985
8 115 17731
8 116 7387
8 117 75903
8 118 13244
8 119 14001
8 120 21644
8 121 11591
8 122 1439
8 123 1674
8 124 17915
8 125 84298
8 126 14077
8 127 12
8 128 15387
8 129 0
8 130 17131
8 131 28895
8 132 41836
8 133 1116
8 134 9816
8 135 30663
8 136 22697
8 137 15879
8 138 21034
8 139 28293
8 140 5916
8 141 48686
8 142 20352
8 143 6374
8 144 26700
8 145 5951
8 146 272
8 147 12168
8 148 8573
8 149 41866
8 150 58729
8 151 27820
8 152 17984
8 153 53709
8 154 1098
8 155 0
8 156 11460
8 157 9543
8 158 14946
8 159 20922
8 160 50865
8 161 14403
8 162 10226
8 163 16846
8 164 5370
8 165 15721
8 166 15241
8 167 17261
8 168 3449
8 169 44808
8 170 13138
8 171 14966
8 172 4803
8 173 15511
8 174 5006
8 175 8954
8 176 24365
8 177 13481
8 178 345
8 179 29166
8 180 12704
8 181 8916
8 182 4511
8 183 20894
8 184 7300
8 185 28681
8 186 20865
8 187 25882
8 188 12729
8 189 14552
8 190 20332
8 191 31421
8 192 18923
8 193 34117
8 194 23486
8 195 26377
8 196 7703
8 197 24780
8 198 29362
8 199 0
8 200 38523
8 201 37077
8 202 34627
8 203 41908
8 204 3655
8 205 25324
8 206 27770
8 207 33493
8 208 21535
8 209 17380
8 210 37269
8 211 745
8 212 15488
8 213 12046
8 214 340
8 215 10474
8 216 24142
8 217 37693
8 218 20031
8 219 30211
8 220 38034
8 221 17715
8 222 44630
8 223 4630
8 224 14287
8 225 45287
8 226 14674
8 227 13841
8 228 7266
8 229 15778
8 230 2903
8 231 31283
8 232 853
8 233 46880
8 234 7509
8 235 4591
8 236 45381
8 237 39910
8 238 24523
8 239 20554
8 240 0
8 241 77305
8 242 35243
8 243 21096
8 244 6094
8 245 10458
8 246 13032
8 247 9163
8 248 4003
8 249 14588
9 0 16522
9 1 46240
9 2 47512
9 3 7230
9 4 4308
9 5 37094
9 6 9471
9 7 17012
9 8 18821
9 9 20404
9 10 26395
9 11 11446
9 12 4651
9 13 3240
9 14 13900
9 15 8694
9 16 36294
9 17 4542
9 18 4495
9 19 4956
9 20 16428
9 21 38509
9 22 26362
9 23 738
9 24 47214
9 25 37378
9 26 20788
9 27 7232
9 28 31826
9 29 8073
9 30 2938
9 31 33168
9 32 13297
9 33 60434
9 34 10131
9 35 28870
9 36 21340
9 37 6575
9 38 0
9 39 10576
9 40 13206
9 41 31251
9 42 16193
9 43 329
9 44 5129
9 45 0
9 46 26455
9 47 10745
9 48 14100
9 49 5884
9 50 7467
9 51 20482
9 52 24137
9 53 5317
9 54 34547
9 55 25988
9 56 13665
9 57 23641
9 58 25699
9 59 5617
9 60 47068
9 61 8354
9 62 15881
9 63 26617
9 64 28887
9 65 0
9 66 24491
9 67 27383
9 68 3350
9 69 6035
9 70 13909
9 71 5159
9 72 18165
9 73 31380
9 74 15119
9 75 28411
9 76 41946
9 77 12854
9 78 20939
9 79 35258
9 80 11597
9 81 53885
9 82 3087
9 83 23831
9 84 5875
9 85 34210
9 86 17964
9 87 0
9 88 7339
9 89 4082
9 90 20560
9 91 22734
9 92 46408
9 93 43019
9 94 6697
9 95 23340
9 96 12182
9 97 50305
9 98 20513
9 99 15287
9 100 47839
9 101 15856
9 102 12160
9 103 4094
9 104 5291
9 105 1265
9 106 10653
9 107 16019
9 108 28608
9 109 13838
9 110 28915
9 111 39329
9 112 15485
9 113 28734
9 114 30030
9 115 17478
9 116 6277
9 117 30019
9 118 32408
9 119 10617
9 120 15456
9 121 1338
9 122 24792
9 123 33826
9 124 22963
9 125 35022
9 126 12178
9 127 21365
9 128 7958
9 129 35320
9 130 0
9 131 11500
9 132 37069
9 133 19479
9 134 4
9 135 16208
9 136 19741
9 137 9096
9 138 66141
9 139 39093
9 140 15209
9 141 19604
9 142 83082
9 143 23912
9 144 12954
9 145 18050
9 146 34006
9 147 40209
9 148 27750
9 149 30471
9 150 29156
9 151 9768
9 152 5940
9 153 6526
9 154 10556
9 155 16319
9 156 15664
9 157 12308
9 158 34870
9 159 9383
9 160 9518
9 161 14378
9 162 2269
9 163 12638
9 164 50953
9 165 8601
9 166 7174
9 167 21635
9 168 28023
9 169 38162
9 170 52469
9 171 11724
9 172 37786
9 173 0
9 174 38498
9 175 28058
9 176 9336
9 177 33715
9 178 22822
9 179 18281
9 180 14245
9 181 59451
9 182 12025
9 183 33743
9 184 30477
9 185 25670
9 186 9763
9 187 12494
9 188 33963
9 189 16462
9 190 7992
9 191 34327
9 192 20375
9 193 14501
9 194 13843
9 195 0
9 196 44228
9 197 39364
9 198 11579
9 199 36876
9 200 30085
9 201 35227
9 202 1441
9 203 11558
9 204 47308
9 205 28204
9 206 9216
9 207 9512
9 208 42044
9 209 15367
9 210 23258
9 211 26684
9 212 23731
9 213 2353
9 214 25599
9 215 8096
9 216 15653
9 217 24404
9 218 65687
9 219 7553
9 220 2258
9 221 6666
9 222 9781
9 223 41093
9 224 27153
9 225 45164
9 226 8582
9 227 24553
9 228 43204
9 229 25376
9 230 7036
9 231 45339
9 232 44594
9 233 18593
9 234 6086
9 235 29738
9 236 23255
9 237 4724
9 238 18180
9 239 1969
9 240 8225
9 241 21520
9 242 31526
9 243 10848
9 244 44368
9 245 10201
9 246 17190
9 247 22061
9 248 41076
9 249 16544
